26
0 1 33
0 2 0
0 3 85
0 4 104
0 5 7
0 6 146
0 7 16
0 8 1
0 9 93
0 10 195
0 11 153
0 12 161
0 13 146
0 14 28
0 15 58
0 16 162
0 17 76
0 18 165
0 19 14
0 20 152
0 21 85
0 22 78
0 23 195
0 24 37
0 25 193
1 2 0
1 3 85
1 4 104
1 5 7
1 6 146
1 7 16
1 8 1
1 9 93
1 10 195
1 11 153
1 12 161
1 13 146
1 14 28
1 15 58
1 16 162
1 17 76
1 18 165
1 19 14
1 20 152
1 21 85
1 22 78
1 23 195
1 24 37
1 25 193
3 4 104
3 5 7
3 6 146
3 7 16
3 8 1
3 9 93
3 10 195
3 11 153
3 12 161
3 13 146
3 14 28
3 15 58
3 16 162
3 17 76
3 18 165
3 19 14
3 20 152
3 21 85
3 22 78
3 23 195
3 24 37
3 25 193
2 3 85
2 4 104
2 5 7
2 6 146
2 7 16
2 8 1
2 9 93
2 10 195
2 11 153
2 12 161
2 13 146
2 14 28
2 15 58
2 16 162
2 17 76
2 18 165
2 19 14
2 20 152
2 21 85
2 22 78
2 23 195
2 24 37
2 25 193
4 5 7
4 6 146
4 7 16
4 8 1
4 9 93
4 10 195
4 11 153
4 12 161
4 13 146
4 14 28
4 15 58
4 16 162
4 17 76
4 18 165
4 19 14
4 20 152
4 21 85
4 22 78
4 23 195
4 24 37
4 25 193
5 6 146
5 7 16
5 8 1
5 9 93
5 10 195
5 11 153
5 12 161
5 13 146
5 14 28
5 15 58
5 16 162
5 17 76
5 18 165
5 19 14
5 20 152
5 21 85
5 22 78
5 23 195
5 24 37
5 25 193
6 7 16
6 8 1
6 9 93
6 10 195
6 11 153
6 12 161
6 13 146
6 14 28
6 15 58
6 16 162
6 17 76
6 18 165
6 19 14
6 20 152
6 21 85
6 22 78
6 23 195
6 24 37
6 25 1
7 8 1
7 9 93
7 10 195
7 11 153
7 12 1
7 13 146
7 14 28
7 15 58
7 16 12
7 17 76
7 18 2
7 19 14
7 20 152
7 21 85
7 22 78
7 23 195
7 24 37
7 25 1
8 9 93
8 10 195
8 11 153
8 12 1
8 13 146
8 14 28
8 15 58
8 16 12
8 17 76
8 18 2
8 19 14
8 20 152
8 21 85
8 22 78
8 23 195
8 24 37
8 25 1
9 10 195
9 11 153
9 12 1
9 13 146
9 14 28
9 15 58
9 16 12
9 17 76
9 18 2
9 19 14
9 20 152
9 21 85
9 22 78
9 23 195
9 24 37
9 25 1
10 11 153
10 12 161
10 13 146
10 14 28
10 15 58
10 16 162
10 17 76
10 18 165
10 19 14
10 20 152
10 21 85
10 22 78
10 23 195
10 24 37
10 25 22
11 12 161
11 13 146
11 14 28
11 15 58
11 16 162
11 17 76
11 18 165
11 19 14
11 20 152
11 21 85
11 22 78
11 23 195
11 24 37
11 25 193
12 13 146
12 14 28
12 15 58
12 16 162
12 17 76
12 18 165
12 19 14
12 20 152
12 21 85
12 22 78
12 23 195
12 24 37
12 25 193
13 14 28
13 15 58
13 16 162
13 17 76
13 18 165
13 19 14
13 20 152
13 21 85
13 22 78
13 23 195
13 24 37
13 25 193
14 15 58
14 16 162
14 17 76
14 18 165
14 19 14
14 20 152
14 21 85
14 22 78
14 23 195
14 24 37
14 25 193
15 16 162
15 17 76
15 18 165
15 19 14
15 20 152
15 21 85
15 22 78
15 23 195
15 24 37
15 25 193
16 17 76
16 18 165
16 19 14
16 20 152
16 21 85
16 22 78
16 23 195
16 24 37
16 25 193
17 18 165
17 19 14
17 20 152
17 21 85
17 22 78
17 23 195
17 24 37
17 25 193
18 19 14
18 20 152
18 21 85
18 22 78
18 23 195
18 24 37
18 25 193
19 20 152
19 21 85
19 22 78
19 23 195
19 24 37
19 25 193
20 21 85
20 22 78
20 23 195
20 24 37
20 25 193
21 22 78
21 23 195
21 24 37
21 25 193
22 23 195
22 24 37
22 25 193
23 24 1
23 25 8
24 25 6