300
0 1 5
1 2 2
1 3 2
2 3 4
1 4 2
4 5 3
6 7 1
2 6 5
7 8 1
8 9 1
9 10 2
10 11 1
11 12 3
12 13 5
13 14 7
15 16 1 
16 17 2
17 18 3
18 19 2
19 20 3
20 21 1
21 22 3
22 23 11
15 14 3
23 24 1
24 25 2
25 26 3
26 27 4
27 28 1
28 29 2
29 30 3
30 31 4
31 32 5
32 33 2
33 34 2
34 35 3
35 36 2
36 37 3
37 38 3
38 39 2
39 40 2
40 41 3
41 42 2
42 43 3
43 44 2
44 45 5
45 46 3
46 47 2
47 48 3
48 49 4
49 50 1
50 51 2
51 52 1
52 53 1
53 54 2
54 55 3
55 56 3
56 57 4
57 58 2
58 59 4
59 60 2
60 61 22
61 62 13
62 63 11
63 64 5
64 65 9
65 66 7
66 67 2
67 68 1
68 69 1
69 70 2
70 71 5
71 72 6
72 73 7
73 74 8
74 75 2
75 76 9
76 77 90
77 78 0
78 79 3
79 80 3
80 81 3 
81 82 2
82 83 3
84 83 5
84 85 2
85 86 7
86 87 8
87 88 6
88 89 4
89 90 2
90 91 3
91 92 4
92 93 5
93 94 2
94 95 5
95 96 2
96 97 33
97 98 12
98 99 90
99 100 2
100 101 5
101 102 2
102 103 1
103 104 1
104 105 6
105 106 2
106 107 3
107 108 3
108 109 2
109 110 3
110 111 1
111 12 3
112 13 5
113 14 7
114 110 2
115 16 1 
116 17 2
117 18 3
118 19 2
119 20 3
120 21 1
121 22 3
122 23 11
115 14 3
123 24 1
124 25 2
125 26 3
126 27 4
127 28 1
128 29 2
129 30 3
130 31 4
131 32 5
132 33 2
133 34 2
134 35 3
135 36 2
136 37 3
137 38 3
138 39 2
139 40 2
140 41 3
141 42 2
142 43 3
143 44 2
144 45 5
145 46 3
146 47 2
147 48 3
148 49 4
149 50 1
150 51 2
151 52 1
152 53 1
153 54 2
154 55 3
155 56 3
156 57 4
157 58 2
158 59 4
159 60 2
160 61 22
161 62 13
162 63 11
163 64 5
164 65 9
165 66 7
166 67 2
167 68 1
168 69 1
169 70 2
170 71 5
171 72 6
172 73 7
173 74 8
174 75 2
175 76 9
176 77 90
177 78 0
178 79 3
179 80 3
180 81 3 
181 82 2
182 83 3
184 83 5
184 85 2
185 86 7
186 87 8
187 88 6
188 89 4
189 90 2
190 91 3
191 92 4
192 93 5
193 94 2
194 95 5
195 96 2
196 97 33
197 98 12
198 99 90
199 100 21
189 150 3
200 1 5
201 2 2
201 3 2
202 3 4
203 176 2
201 4 2
204 5 3
205 288 1
206 7 1
202 6 5
207 8 1
208 9 1
209 10 2
210 11 1
211 12 3
212 13 5
213 14 7
214 55 20
215 16 1 
216 17 2
217 18 3
218 19 2
219 20 3
220 21 1
221 22 3
222 23 11
215 14 3
223 24 1
224 25 2
225 26 3
226 27 4
227 28 1
228 29 2
229 30 3
230 31 4
231 32 5
232 33 2
233 34 2
234 35 3
235 36 2
236 37 3
237 38 3
238 39 2
239 40 2
240 41 3
241 42 2
242 43 3
243 44 2
244 45 5
245 46 3
246 47 2
247 48 3
248 49 4
249 50 1
250 51 2
251 52 1
252 53 1
253 54 2
254 55 3
255 56 3
256 57 4
257 58 2
258 59 4
259 60 2
260 61 22
261 62 13
262 63 11
263 64 5
264 65 9
265 66 7
266 67 2
267 68 1
268 69 1
269 70 2
270 71 5
271 72 6
272 73 7
273 74 8
274 75 2
275 76 9
276 77 90
277 78 0
278 79 3
279 80 3
280 81 3 
281 82 2
282 83 3
283 83 3
284 83 5
284 85 2
285 86 7
286 87 8
287 88 6
288 89 4
289 90 2
290 91 3
291 92 4
292 93 5
293 94 2
294 95 5
295 96 2
296 97 33
297 98 12
298 99 90
299 100 2